-0.000117396508726827,
-0.000140866265331063,
-0.000167340170912580,
-0.000177784715619282,
-0.000212953014153581,
-0.000240460752155653,
-0.000255746371733638,
-0.000302007271093451,
-0.000328735239613971,
-0.000355824083210999,
-0.000406553812245271,
-0.000437839464201006,
-0.000480017805332243,
-0.000525553260520807,
-0.000576683664528324,
-0.000625433027195963,
-0.000662538355317977,
-0.000753874456234381,
-0.000784968263201231,
-0.000828990569843188,
-0.000971764062075677,
-0.000952762463253099,
-0.001043246825027674,
-0.001221830843512046,
-0.001133038863986617,
-0.001322610045102196,
-0.001486652773079057,
-0.001347024322136104,
-0.001670635460293799,
-0.001751828588445406,
-0.001630493685405341,
-0.002067073392630867,
-0.002025344468025006,
-0.002016938346298464,
-0.002471133387071996,
-0.002354245996157317,
-0.002509179628648654,
-0.002845943084731894,
-0.002823610825936553,
-0.003052816597903792,
-0.003202057805793859,
-0.003525565367929813,
-0.003532489013821142,
-0.003643659553117639,
-0.004498456813755092,
-0.003810244224521333,
-0.004389720630862533,
-0.005655050755152956,
-0.003811263430996961,
-0.005742053839842442,
-0.006735405524072562,
-0.003639141521135673,
-0.007987494282050282,
-0.007324702030169754,
-0.003680830098671757,
-0.011249698047675888,
-0.006962332581449722,
-0.004653615821859017,
-0.015336245844742932,
-0.005338475890659329,
-0.007564345017849373,
-0.019643277629892379,
-0.002542166653175660,
-0.013600146845112250,
-0.023168801918093531,
 0.000683614566763868,
-0.024057656695998748,
-0.024639062260329230,
 0.002660761636598165,
-0.040602942540333961,
-0.022656189596816329,
 0.000149844580756745,
-0.066840025911667017,
-0.015503285242846776,
-0.014576646247399239,
-0.116861787001987544,
 0.001718984236618228,
-0.079619964411920388,
-0.326113374966197356,
 0.151538463918625604,
 0.655095300391330348,
 0.265291509751005738,
-0.035717427595246182,
 0.123882810997384046,
 0.061097448057588343,
-0.008051978609447102,
 0.075620076648891407,
 0.020180681960197944,
 0.005189272518425751,
 0.051626211875252126,
 0.005360421979006033,
 0.012962094310914484,
 0.034948354261022614,
 0.000553657289665871,
 0.016668575895469304,
 0.022645690376208325,
 0.000412270395189603,
 0.017176383109651670,
 0.013985831686858732,
 0.002145886853773697,
 0.015493013884066922,
 0.008479495040162339,
 0.004101573138401639,
 0.012689174017079120,
 0.005467271488346154,
 0.005415129305885871,
 0.009691149795706186,
 0.004148712903657022,
 0.005825324770527806,
 0.007121414256428620,
 0.003744438003907127,
 0.005472192082070302,
 0.005250888981752762,
 0.003648534498998132,
 0.004681575125419818,
 0.004059026905846684,
 0.003503447589946800,
 0.003783071769278771,
 0.003356953784012161,
 0.003185719690761791,
 0.002999676978571475,
 0.002916672889951528,
 0.002730068780469126,
 0.002417823543658834,
 0.002562251365733855,
 0.002235443065895073,
 0.002017965602101198,
 0.002205396050933835,
 0.001790818725815139,
 0.001731340585063619,
 0.001833731221704166,
 0.001439287021537174,
 0.001490989537737772,
 0.001475020568400428,
 0.001178141816117625,
 0.001259112740438938,
 0.001161486738148653,
 0.000979435500814612,
 0.001029299092112208,
 0.000909099544895944,
 0.000813141018978095,
 0.000813403054269198,
 0.000714430033426124,
 0.000661162719323564,
 0.000625706796935898,
 0.000562784973062575,
 0.000519451110390908,
 0.000473090960558274,
 0.000438687615479881,
 0.000392277388438908,
 0.000353455050816006,
 0.000332365710868006,
 0.000284913633564752,
 0.000259602091852974,
 0.000240578682262835,
 0.000199183648970980,
 0.000184165489413906,
 0.000163766946482777,
 0.000132985603876476,
 0.000122463451235539