 460.5685812430130E-9,
 1.846041885583000E-6,
 4.136703899816830E-6,
 7.640920231037170E-6,
 0.000012879431540920,
 0.000019758520321925,
 0.000027458102232480,
 0.000035791067637267,
 0.000046129898926474,
 0.000059903282175756,
 0.000076460955623353,
 0.000093972287339163,
 0.000112608690984320,
 0.000134674856729847,
 0.000160422227565478,
 0.000186555989509344,
 0.000212336385206143,
 0.000244822821428279,
 0.000291053430253562,
 0.000343571126941793,
 0.000383183311964506,
 0.000405472789394637,
 0.000438298444303213,
 0.000514975685505384,
 0.000624555616434404,
 0.000708399756666551,
 0.000728508974143715,
 0.000731267249414343,
 0.000809368193437416,
 0.000985206821387974,
 0.001162063462650188,
 0.001230175186559176,
 0.001212542815713297,
 0.001254047801464867,
 0.001443707691025370,
 0.001694900640189840,
 0.001856252409926358,
 0.001914548297715704,
 0.002002836611821310,
 0.002192034290386861,
 0.002380541931956034,
 0.002481996219964099,
 0.002636336001729446,
 0.003040818395848147,
 0.003545779587388897,
 0.003672777157770619,
 0.003278058492788691,
 0.003045382951526097,
 0.003853325961096437,
 0.005462525481483777,
 0.006299233380293931,
 0.005206524460032546,
 0.003370244785861702,
 0.003594992055127793,
 0.006913696660067086,
 0.010427951917036811,
 0.009942320067951252,
 0.005365846580955726,
 0.002242889875438083,
 0.006003020848273975,
 0.014534489914641730,
 0.018724984818400237,
 0.012632689303911237,
 0.002387805796806927,
 0.001524304544900420,
 0.015147116029809673,
 0.030831387410639056,
 0.030104147736233600,
 0.011062847018959624,
-0.004341129681090189,
 0.008010457040111031,
 0.043705195394464241,
 0.066847924689359933,
 0.046600825179132409,
-0.000672705909034146,
-0.013125365202001490,
 0.060789379788820139,
 0.201420659593969514,
 0.316377235589866690,
 0.310877814953627318,
 0.170605832513497535,
-0.020488144000935606,
-0.146814261216365566,
-0.152529960500221329,
-0.076282762008039989,
-0.003962120089417746,
 0.009540274073992314,
-0.023327537666423287,
-0.052655485678578216,
-0.046888578516384026,
-0.017765087588722014,
 0.002103541841015506,
-0.003285319240191688,
-0.020974765295491863,
-0.028629425281997255,
-0.019348451657965542,
-0.005305246068146760,
-0.001009941349456724,
-0.007809194795763264,
-0.015394916594858626,
-0.015062076820518576,
-0.008341354132418729,
-0.003040642800542246,
-0.003680503001111574,
-0.007607902524110902,
-0.009506133909900311,
-0.007553248473554011,
-0.004380354097582803,
-0.003156807383242645,
-0.004180578728072305,
-0.005404780774415595,
-0.005242769309654888,
-0.004046344909665644,
-0.003103457767749424,
-0.002990761680798283,
-0.003239232567832601,
-0.003225020687920034,
-0.002888471092812611,
-0.002550823435325035,
-0.002374903898383877,
-0.002239850024927751,
-0.002032740213838504,
-0.001830494221424919,
-0.001744470581335418,
-0.001723424224569380,
-0.001616764443015380,
-0.001388016748647274,
-0.001167603211028068,
-0.001081499099435690,
-0.001095760445917754,
-0.001071907107890858,
-0.000940753828845055,
-0.000770032315139715,
-0.000663580419238343,
-0.000639254853814165,
-0.000628839468004388,
-0.000572752460560183,
-0.000480975007260685,
-0.000401760203374936,
-0.000358565209023793,
-0.000333790601505673,
-0.000301964652520322,
-0.000259175258794459,
-0.000217862350676078,
-0.000186052675897458,
-0.000160616736993578,
-0.000136368790877710,
-0.000113323651873863,
-0.000093850662582642,
-0.000077676238321275,
-0.000062590696862966,
-0.000048080478114115,
-0.000035729257273401,
-0.000026516901137112,
-0.000019529623348056,
-0.000013477122854056,
-8.208127749452270E-6,
-4.267433518150840E-6,
-1.791414157386030E-6,
-443.8643141915840E-9,